# E mu e.t.c.
  11404.000       0.76348327E-03   0.76369794E-03  -0.15659437E-05
  11414.000       0.74782383E-03   0.74803884E-03  -0.28225303E-04
  11424.000       0.19897722E-03   0.19919255E-03  -0.31978037E-04
  11434.000       0.10826311E-03   0.10847877E-03  -0.22137527E-04
  11444.000      -0.24377331E-03  -0.24355731E-03  -0.14816997E-04
  11454.000      -0.18807683E-03  -0.18786051E-03   0.97856032E-05
  11464.000      -0.48061248E-04  -0.47844596E-04   0.16685032E-04
  11474.000       0.14562379E-03   0.14584077E-03  -0.85123945E-05
  11484.000      -0.21830913E-03  -0.21809182E-03   0.49866309E-05
  11494.000       0.24535641E-03   0.24557405E-03   0.13732479E-03
  11504.000       0.25281865E-02   0.25284045E-02   0.15225000E-03
  11514.000       0.32903564E-02   0.32905747E-02   0.12868579E-03
  11524.000       0.51019023E-02   0.51021209E-02   0.19764133E-03
  11525.000       0.54644110E-02   0.54646296E-02   0.42564332E-03
  11526.000       0.59531889E-02   0.59534076E-02   0.54365626E-03
  11527.000       0.65517234E-02   0.65519422E-02   0.54188894E-03
  11528.000       0.70369667E-02   0.70371855E-02   0.46299175E-03
  11529.000       0.74777069E-02   0.74779257E-02   0.49262454E-03
  11530.000       0.80222158E-02   0.80224346E-02   0.63018150E-03
  11531.000       0.87380699E-02   0.87382888E-02   0.74936343E-03
  11532.000       0.95209426E-02   0.95211615E-02   0.74626995E-03
  11533.000       0.10230610E-01   0.10230829E-01   0.71653370E-03
  11534.000       0.10954010E-01   0.10954229E-01   0.82189474E-03
  11535.000       0.11874399E-01   0.11874618E-01   0.95108754E-03
  11536.000       0.12856185E-01   0.12856404E-01   0.95546105E-03
  11537.000       0.13785321E-01   0.13785540E-01   0.98270202E-03
  11538.000       0.14821589E-01   0.14821808E-01   0.11976777E-02
  11539.000       0.16180677E-01   0.16180896E-01   0.13031930E-02
  11540.000       0.17427975E-01   0.17428194E-01   0.13773789E-02
  11541.000       0.18935434E-01   0.18935653E-01   0.15583008E-02
  11542.000       0.20544576E-01   0.20544796E-01   0.16328757E-02
  11543.000       0.22201185E-01   0.22201405E-01   0.17997865E-02
  11544.000       0.24144149E-01   0.24144369E-01   0.22376627E-02
  11545.000       0.26676511E-01   0.26676730E-01   0.23689821E-02
  11546.000       0.28882113E-01   0.28882333E-01   0.25220130E-02
  11547.000       0.31720537E-01   0.31720756E-01   0.30099486E-02
  11548.000       0.34902010E-01   0.34902230E-01   0.35013827E-02
  11549.000       0.38723302E-01   0.38723521E-01   0.38702308E-02
  11550.000       0.42642472E-01   0.42642691E-01   0.45085099E-02
  11551.000       0.47740321E-01   0.47740541E-01   0.54252484E-02
  11552.000       0.53492968E-01   0.53493188E-01   0.63344166E-02
  11553.000       0.60409154E-01   0.60409374E-01   0.75728158E-02
  11554.000       0.68638600E-01   0.68638819E-01   0.91485108E-02
  11555.000       0.78706176E-01   0.78706395E-01   0.11336468E-01
  11556.000       0.91311536E-01   0.91311756E-01   0.14231866E-01
  11557.000       0.10716991       0.10717013       0.18302393E-01
  11558.000       0.12791632       0.12791654       0.23965470E-01
  11559.000       0.15510085       0.15510107       0.32020860E-01
  11560.000       0.19195804       0.19195826       0.42565270E-01
  11561.000       0.24023138       0.24023160       0.56482538E-01
  11562.000       0.30492311       0.30492333       0.73553722E-01
  11563.000       0.38733882       0.38733904       0.92054360E-01
  11564.000       0.48903183       0.48903205       0.11229671
  11565.000       0.61193225       0.61193247       0.13336111
  11566.000       0.75569454       0.75569476       0.14782401
  11567.000       0.90766522        1.1282007       0.14101667
  11568.000        1.0380168        1.0993072       0.10358555
  11569.000        1.1151252        1.0740453       0.45958900E-01
  11570.000        1.1302235        1.0521840      -0.45484700E-02
  11571.000        1.1063171        1.0334926      -0.30621903E-01
  11572.000        1.0692684        1.0177401      -0.36725252E-01
  11573.000        1.0331554        1.0046958      -0.32740005E-01
  11574.000        1.0040772       0.99412875      -0.25198773E-01
  11575.000       0.98304650       0.98580822      -0.17352638E-01
  11576.000       0.96966055       0.97950335      -0.10164621E-01
  11577.000       0.96300590       0.97498329      -0.39087386E-02
  11578.000       0.96213168       0.97201722       0.13080500E-02
  11579.000       0.96591057       0.97037430       0.43874486E-02
  11580.000       0.97119511       0.96982369       0.49338939E-02
  11581.000       0.97606686       0.97013457       0.32342007E-02
  11582.000       0.97795199       0.97107610      -0.71429349E-04
  11583.000       0.97621244       0.97241745      -0.36936283E-02
  11584.000       0.97085314       0.97392778      -0.63166715E-02
  11585.000       0.96386747       0.97540987      -0.74791788E-02
  11586.000       0.95618312       0.97682093      -0.69949724E-02
  11587.000       0.95016584       0.97816246      -0.44599036E-02
  11588.000       0.94755160       0.97943597      -0.60068503E-03
  11589.000       0.94925272       0.98064298       0.37131184E-02
  11590.000       0.95526605       0.98178500       0.79255133E-02
  11591.000       0.96539192       0.98286355       0.11311298E-01
  11592.000       0.97817679       0.98388013       0.13381280E-01
  11593.000       0.99244260       0.98483626       0.14103917E-01
  11594.000        1.0066727       0.98573346       0.12818057E-01
  11595.000        1.0183668       0.98657323       0.94265223E-02
  11596.000        1.0258138       0.98735709       0.45696661E-02
  11597.000        1.0277941       0.98808656      -0.74383715E-03
  11598.000        1.0246141       0.98876313      -0.53001839E-02
  11599.000        1.0174816       0.98938834      -0.84177979E-02
  11600.000        1.0080664       0.98996369      -0.95095531E-02
  11601.000       0.99875040       0.99049069      -0.89363266E-02
  11602.000       0.99048153       0.99097086      -0.79222269E-02
  11603.000       0.98319374       0.99140571      -0.67538693E-02
  11604.000       0.97726156       0.99179676      -0.57600648E-02
  11605.000       0.97196134       0.99214551      -0.51639254E-02
  11606.000       0.96722140       0.99245348      -0.46772728E-02
  11607.000       0.96289447       0.99272218      -0.42893703E-02
  11608.000       0.95893030       0.99295313      -0.33960891E-02
  11609.000       0.95638989       0.99314784      -0.20160669E-02
  11610.000       0.95518573       0.99330782      -0.15437625E-03
  11611.000       0.95636867       0.99343459       0.21387400E-02
  11612.000       0.95975072       0.99352965       0.45446258E-02
  11613.000       0.96574540       0.99359453       0.66738809E-02
  11614.000       0.97338592       0.99363073       0.82322342E-02
  11615.000       0.98249728       0.99363976       0.91692637E-02
  11616.000       0.99201183       0.99362315       0.92797653E-02
  11617.000        1.0013442       0.99358240       0.89007129E-02
  11618.000        1.0101006       0.99351903       0.82413259E-02
  11619.000        1.0181141       0.99343455       0.67635803E-02
  11620.000        1.0239150       0.99333046       0.49511415E-02
  11621.000        1.0283036       0.99320830       0.34231124E-02
  11622.000        1.0310484       0.99306956       0.12366413E-02
  11623.000        1.0310640       0.99291577      -0.54631152E-03
  11624.000        1.0302429       0.99274843      -0.17515728E-02
  11625.000        1.0278480       0.99256906      -0.27223246E-02
  11626.000        1.0250853       0.99237916      -0.31144553E-02
  11627.000        1.0219061       0.99218027      -0.34645276E-02
  11628.000        1.0184432       0.99197388      -0.36845952E-02
  11629.000        1.0148238       0.99176151      -0.35202872E-02
  11630.000        1.0116896       0.99154467      -0.31587446E-02
  11631.000        1.0087932       0.99132488      -0.28877907E-02
  11632.000        1.0062008       0.99110365      -0.27623110E-02
  11633.000        1.0035554       0.99088249      -0.25897500E-02
  11634.000        1.0013081       0.99066292      -0.24908210E-02
  11635.000       0.99886056       0.99044644      -0.25863965E-02
  11636.000       0.99642208       0.99023458      -0.27186847E-02
  11637.000       0.99370989       0.99002884      -0.31073077E-02
  11638.000       0.99049413       0.98983074      -0.34052737E-02
  11639.000       0.98718598       0.98964164      -0.38471343E-02
  11640.000       0.98308647       0.98946186      -0.43886518E-02
  11641.000       0.97869525       0.98929128      -0.44056987E-02
  11642.000       0.97456161       0.98912977      -0.42608189E-02
  11643.000       0.97046012       0.98897720      -0.39661956E-02
  11644.000       0.96691569       0.98883343      -0.36817829E-02
  11645.000       0.96338299       0.98869835      -0.31889991E-02
  11646.000       0.96082410       0.98857183      -0.27252969E-02
  11647.000       0.95821878       0.98845373      -0.22155396E-02
  11648.000       0.95667937       0.98834392      -0.14038006E-02
  11649.000       0.95569749       0.98824229      -0.94191643E-03
  11650.000       0.95508181       0.98814869      -0.29033109E-03
  11651.000       0.95540308       0.98806301       0.36162727E-03
  11652.000       0.95609128       0.98798511       0.10503891E-02
  11653.000       0.95779004       0.98791486       0.20112302E-02
  11654.000       0.96039990       0.98785214       0.26756494E-02
  11655.000       0.96342746       0.98779681       0.33135656E-02
  11656.000       0.96731311       0.98774876       0.40304693E-02
  11657.000       0.97177445       0.98770784       0.48048331E-02
  11658.000       0.97720880       0.98767394       0.51251100E-02
  11659.000       0.98231066       0.98764692       0.46598014E-02
  11660.000       0.98681436       0.98762665       0.41055305E-02
  11661.000       0.99080765       0.98761301       0.36160798E-02
  11662.000       0.99433242       0.98760587       0.30854698E-02
  11663.000       0.99726445       0.98760510       0.19727884E-02
  11664.000       0.99856382       0.98761057       0.97733996E-03
  11665.000       0.99950492       0.98762215       0.71744921E-03
  11666.000        1.0002845       0.98763972       0.58139331E-03
  11667.000        1.0009534       0.98766314       0.21209243E-03
  11668.000        1.0009944       0.98769229      -0.11925150E-03
  11669.000        1.0010006       0.98772703      -0.40608851E-03
  11671.000        1.0002045       0.98781281      -0.70584483E-03
  11673.000       0.99874837       0.98791944      -0.84300639E-03
  11675.100       0.99733349       0.98805271      -0.78904640E-03
  11677.100       0.99609843       0.98819887      -0.58511852E-03
  11679.200       0.99551952       0.98837138      -0.12676989E-03
  11681.300       0.99616514       0.98856224       0.45538860E-03
  11683.400       0.99803116       0.98877025       0.97467125E-03
  11685.600        1.0009693       0.98900527       0.12762328E-02
  11687.700        1.0041319       0.98924469       0.10841134E-02
  11689.900        1.0062439       0.98951000       0.46105832E-03
  11692.100        1.0067875       0.98978878      -0.44859476E-03
  11694.300        1.0048968       0.99007968      -0.15571548E-02
  11696.500        1.0005626       0.99038131      -0.24904774E-02
  11698.800       0.99433033       0.99070665      -0.32670203E-02
  11701.000       0.98650156       0.99102599      -0.36863131E-02
  11703.300       0.97838228       0.99136686      -0.32803109E-02
  11705.600       0.97206655       0.99171334      -0.24452886E-02
  11707.900       0.96778820       0.99206388      -0.13821583E-02
  11710.300       0.96623870       0.99243230      -0.19902099E-03
  11712.600       0.96752092       0.99278627       0.89829418E-03
  11715.000       0.97112862       0.99315486       0.16443963E-02
  11717.400       0.97609599       0.99352092       0.20848841E-02
  11719.800       0.98181784       0.99388266       0.21419940E-02
  11722.300       0.98728755       0.99425296       0.20525311E-02
  11724.700       0.99257084       0.99460038       0.18024338E-02
  11727.200       0.99681488       0.99495191       0.13162659E-02
  11729.700       0.99986157       0.99529093       0.10912172E-02
  11732.200        1.0029802       0.99561662       0.11033757E-02
  11734.700        1.0060874       0.99592918       0.85674977E-03
  11737.300        1.0080726       0.99624062      -0.44979787E-04
  11739.900        1.0065905       0.99653847      -0.54502447E-03
  11742.400        1.0060155       0.99681232      -0.21117765E-03
  11745.000        1.0062358       0.99708438       0.19753848E-03
  11747.700        1.0078129       0.99735347       0.68460301E-03
  11750.300        1.0106144       0.99759998       0.11090727E-02
  11753.000        1.0144409       0.99784318       0.11125726E-02
  11755.700        1.0173862       0.99807370       0.45609090E-03
  11758.400        1.0176675       0.99829188      -0.67649885E-03
  11761.100        1.0144966       0.99849805      -0.19139459E-02
  11763.800        1.0080954       0.99869256      -0.27329532E-02
  11766.600        1.0002424       0.99888232      -0.27859357E-02
  11769.400       0.99328513       0.99906028      -0.22710172E-02
  11772.200       0.98831543       0.99922681      -0.16397536E-02
  11775.000       0.98489297       0.99938231      -0.10944566E-02
  11777.800       0.98297669       0.99952714      -0.64407129E-03
  11780.700       0.98202583       0.99966631      -0.36628969E-03
  11783.500       0.98169264       0.99979061      -0.14810139E-03
  11786.400       0.98198519       0.99990933       0.46577346E-04
  11789.300       0.98278016        1.0000183       0.19285817E-03
  11792.200       0.98392086        1.0001178       0.39065992E-03
  11795.200       0.98591596        1.0002114       0.70768305E-03
  11798.200       0.98901166        1.0002959       0.11360107E-02
  11801.100       0.99344876        1.0003694       0.16328119E-02
  11804.100       0.99947531        1.0004374       0.19594473E-02
  11807.200        1.0062593        1.0004995       0.21022790E-02
  11810.200        1.0131568        1.0005523       0.19629174E-02
  11813.300        1.0190904        1.0005997       0.14464037E-02
  11816.400        1.0229956        1.0006404       0.72133610E-03
  11819.400        1.0243472        1.0006739      -0.74037530E-04
  11822.600        1.0234070        1.0007037      -0.78154659E-03
  11825.700        1.0203077        1.0007273      -0.13832194E-02
  11828.900        1.0155765        1.0007469      -0.18848560E-02
  11832.000        1.0093166        1.0007616      -0.22947068E-02
  11835.200        1.0020031        1.0007730      -0.23374541E-02
  11838.400       0.99525377        1.0007811      -0.19726301E-02
  11841.700       0.99009154        1.0007867      -0.13561211E-02
  11844.900       0.98734922        1.0007899      -0.61617973E-03
  11848.200       0.98699625        1.0007916       0.61414949E-04
  11851.500       0.98867809        1.0007922       0.52729143E-03
  11854.800       0.99139956        1.0007924       0.61802965E-03
  11858.100       0.99367992        1.0007927       0.24484835E-03
  11861.400       0.99393804        1.0007931      -0.34084149E-03
  11864.800       0.99233238        1.0007938      -0.58231968E-03
  11868.200       0.99092797        1.0007946      -0.38599206E-03
  11871.600       0.99065696        1.0007955       0.98957259E-04
  11875.000       0.99254984        1.0007965       0.63051810E-03
  11878.400       0.99589307        1.0007976       0.99779635E-03
  11881.900        1.0003968        1.0007989       0.11532629E-02
  11885.400        1.0049416        1.0008002       0.11603228E-02
  11888.900        1.0094944        1.0008015       0.11027556E-02
  11892.400        1.0136358        1.0008029       0.90302229E-03
  11895.900        1.0167900        1.0008044       0.42388522E-03
  11899.500        1.0176334        1.0008058      -0.48428925E-03
  11903.000        1.0143392        1.0008072      -0.12581810E-02
  11906.600        1.0096876        1.0008086      -0.13588703E-02
  11910.200        1.0055561        1.0008100      -0.13404698E-02
  11913.900        1.0009163        1.0008113      -0.14488783E-02
  11917.500       0.99599301        1.0008124      -0.12708588E-02
  11921.200       0.99265239        1.0008135      -0.73835750E-03
  11924.900       0.99155594        1.0008144      -0.21404805E-03
  11928.600       0.99209477        1.0008152       0.13707233E-03
  11932.300       0.99359616        1.0008158       0.29410559E-03
  11936.000       0.99529660        1.0008162       0.29826069E-03
  11939.800       0.99687197        1.0008163       0.23015630E-03
  11943.600       0.99809803        1.0008162       0.88305042E-04
  11947.400       0.99859487        1.0008159      -0.14179848E-03
  11951.200       0.99807168        1.0008152      -0.38276047E-03
  11955.000       0.99673674        1.0008142      -0.40557502E-03
  11958.900       0.99601295        1.0008127      -0.10652623E-03
  11962.700       0.99698021        1.0008110       0.33376440E-03
  11966.600       0.99964617        1.0008088       0.63096252E-03
  11970.500        1.0029783        1.0008061       0.64699795E-03
  11974.500        1.0058473        1.0008029       0.46951662E-03
  11978.400        1.0077768        1.0007993       0.26063128E-03
  11982.400        1.0089952        1.0007950       0.14409794E-03
  11986.400        1.0100318        1.0007902       0.14422859E-03
  11990.400        1.0112506        1.0007848       0.75489407E-04
  11994.400        1.0117368        1.0007788      -0.15257561E-03
  11998.400        1.0111306        1.0007721      -0.46307624E-03
  12002.500        1.0090997        1.0007645      -0.81684995E-03
  12006.600        1.0055595        1.0007562      -0.11253121E-02
  12010.700        1.0009986        1.0007472      -0.12922391E-02
  12014.800       0.99608904        1.0007373      -0.12614892E-02
  12018.900       0.99177979        1.0007267      -0.10307575E-02
  12023.100       0.98867233        1.0007149      -0.57372316E-03
  12027.300       0.98811224        1.0007022       0.55130731E-04
  12031.500       0.99028659        1.0006888       0.44215702E-03
  12035.700       0.99297695        1.0006745       0.44270358E-03
  12039.900       0.99515532        1.0006595       0.26794036E-03
  12044.200       0.99641758        1.0006433       0.24344621E-03
  12048.400       0.99838717        1.0006267       0.32324478E-03
  12052.700        1.0003271        1.0006090       0.31786029E-03
  12057.000        1.0022958        1.0005906       0.29233698E-03
  12061.300        1.0040157        1.0005715       0.21891431E-03
  12065.700        1.0053879        1.0005512       0.11390852E-03
  12070.100        1.0062186        1.0005302       0.36812995E-04
  12074.400        1.0068944        1.0005091       0.20442325E-04
  12078.800        1.0075821        1.0004868       0.15921721E-05
  12083.300        1.0081209        1.0004634      -0.16211385E-03
  12087.700        1.0073510        1.0004400      -0.51293143E-03
  12092.200        1.0047668        1.0004154      -0.59225358E-03
  12096.600        1.0032903        1.0003908      -0.36690545E-03
  12101.100        1.0027111        1.0003652      -0.37301909E-03
  12105.600        1.0011558        1.0003390      -0.45348684E-03
  12110.200       0.99981995        1.0003118      -0.41709391E-03
  12114.700       0.99859518        1.0002847      -0.45710225E-03
  12119.300       0.99689458        1.0002565      -0.62981675E-03
  12123.900       0.99404802        1.0002280      -0.62671174E-03
  12128.500       0.99237531        1.0001990      -0.36952267E-03
  12133.100       0.99189420        1.0001697      -0.12220316E-03
  12137.800       0.99249745        1.0001394       0.22128157E-04
  12142.400       0.99335793        1.0001095      -0.18578776E-04
  12147.100       0.99358191        1.0000786       0.56941359E-04
  12151.800       0.99516323        1.0000475       0.17979666E-03
  12156.600       0.99657281        1.0000155       0.17527679E-03
  12161.300       0.99811048       0.99998396       0.23050990E-03
  12166.100        1.0000440       0.99995159       0.19959026E-03
  12170.800        1.0012873       0.99991976       0.16164956E-03
  12175.600        1.0028596       0.99988715       0.20294897E-03
  12180.500        1.0045620       0.99985380       0.14360997E-03
  12185.300        1.0055580       0.99982109       0.38669889E-04
  12190.200        1.0062417       0.99978770      -0.56548902E-04
  12195.000        1.0063134       0.99975501      -0.17208991E-03
  12199.900        1.0058755       0.99972172      -0.26451744E-03
  12204.800        1.0050368       0.99968852      -0.35899023E-03
  12209.800        1.0036499       0.99965479      -0.44717922E-03
  12214.700        1.0019374       0.99962190      -0.47993134E-03
  12219.700        1.0002254       0.99958856      -0.53433308E-03
  12224.700       0.99793348       0.99955547      -0.38422706E-03
  12229.700       0.99772173       0.99952269      -0.13778273E-03
  12234.700       0.99789346       0.99949025      -0.13382095E-03
  12239.700       0.99772053       0.99945819      -0.28250135E-03
  12244.800       0.99638974       0.99942595      -0.17056346E-03
  12249.900       0.99734286       0.99939420      -0.18099982E-03
  12255.000       0.99590479       0.99936299      -0.29732367E-03
  12260.100       0.99567056       0.99933237       0.50628289E-04
  12265.300       0.99779915       0.99930181       0.59032116E-03
  12270.400        1.0031229       0.99927252      -0.74131905E-03
  12275.600       0.99153474       0.99924341      -0.11511382E-02
  12280.800       0.99253470       0.99921511       0.39378761E-03
  12286.000       0.99701288       0.99918767       0.47870983E-03
  12291.200       0.99889517       0.99916114       0.23625529E-03
  12296.500        1.0008878       0.99913508       0.23646694E-03
  12301.800        1.0028084       0.99911006       0.18316800E-03
  12307.000        1.0042036       0.99908659       0.65957818E-04
  12312.400        1.0049124       0.99906338      -0.60232145E-04
  12317.700        1.0049763       0.99904181      -0.19198496E-03
  12323.000        1.0042804       0.99902150      -0.31652635E-03
  12328.400        1.0030049       0.99900215      -0.41018345E-03
  12333.800        1.0012781       0.99898422      -0.45186161E-03
  12339.200       0.99955146       0.99896775      -0.42238167E-03
  12344.600       0.99814211       0.99895280      -0.35032811E-03
  12350.000       0.99719275       0.99893943      -0.26560567E-03
  12355.500       0.99668407       0.99892749      -0.20054991E-03
  12361.000       0.99643599       0.99891730      -0.15932618E-03
  12366.500       0.99637980       0.99890893      -0.14601554E-03
  12372.000       0.99627715       0.99890242      -0.16186352E-03
  12377.500       0.99604566       0.99889784      -0.16157852E-03
  12383.100       0.99594214       0.99889522      -0.13998285E-03
  12388.700       0.99594850       0.99889472      -0.11753493E-03
  12394.300       0.99609539       0.99889640      -0.99807775E-04
  12399.900       0.99629929       0.99890032      -0.78528066E-04
  12405.500       0.99668350       0.99890655      -0.43775608E-04
  12411.100       0.99727561       0.99891514      -0.45513965E-05
  12416.800       0.99811075       0.99892639       0.21661036E-04
  12422.500       0.99901327       0.99894021       0.42690275E-04
  12428.200        1.0000871       0.99895668       0.28987806E-04
  12433.900        1.0008324       0.99897586      -0.14928037E-03
  12439.700       0.99987099       0.99899822      -0.56572072E-04
  12445.400        1.0016813       0.99902307       0.93206786E-04
  12451.200        1.0024414       0.99905133      -0.52160286E-04
  12457.000        1.0025867       0.99908265      -0.13003058E-03
  12462.800        1.0024424       0.99911698      -0.16621173E-03
  12468.700        1.0021633       0.99915497      -0.20583087E-03
  12474.500        1.0015543       0.99919527      -0.24372931E-03
  12480.400        1.0008308       0.99923924      -0.25732447E-03
  12486.300        1.0000488       0.99928616      -0.26071220E-03
  12492.200       0.99928416       0.99933600      -0.26161988E-03
  12498.100       0.99849039       0.99938871      -0.25409850E-03
  12504.100       0.99780089       0.99944521      -0.21779994E-03
  12510.100       0.99742909       0.99950458      -0.16353644E-03
  12516.100       0.99738959       0.99956679      -0.14926436E-03
  12522.100       0.99718790       0.99963179      -0.15423780E-03
  12528.100       0.99708755       0.99969953      -0.98424707E-04
  12534.100       0.99755446       0.99976997      -0.60411216E-04
  12540.200       0.99791595       0.99984431      -0.59268675E-04
  12546.300       0.99840245       0.99992133      -0.51031283E-04
  12552.400       0.99886324        1.0000010      -0.47048825E-04
  12558.500       0.99939712        1.0000833      -0.31304295E-04
  12564.700        1.0000585        1.0001695      -0.18536303E-04
  12570.800        1.0007482        1.0002569      -0.42586959E-05
  12577.000        1.0015840        1.0003482      -0.87192858E-05
  12583.200        1.0022296        1.0004421      -0.33217833E-04
  12589.400        1.0027603        1.0005383      -0.50353534E-04
  12595.600        1.0031922        1.0006370      -0.64495835E-04
  12601.900        1.0035527        1.0007396      -0.20473679E-03
  12608.200        1.0022226        1.0008446      -0.28253540E-03
  12614.500        1.0016015        1.0009519      -0.13187243E-03
  12620.800        1.0021685        1.0010615      -0.83332615E-04
  12627.100        1.0021577        1.0011733      -0.12345614E-03
  12633.400        1.0022178        1.0012872      -0.16720053E-03
  12639.800        1.0016506        1.0014051      -0.20042778E-03
  12646.200        1.0012802        1.0015251      -0.18101402E-03
  12652.600        1.0009601        1.0016472      -0.16751030E-03
  12659.000        1.0007612        1.0017713      -0.12448922E-03
  12665.500        1.0009907        1.0018993      -0.16898915E-03
  12671.900        1.0002164        1.0020273      -0.17613615E-03
  12678.400        1.0003524        1.0021592      -0.10032130E-03
  12684.900        1.0005573        1.0022929      -0.82872711E-04
  12691.400        1.0009188        1.0024284      -0.60700042E-04
  12698.000        1.0014172        1.0025677      -0.46816258E-04
  12704.500        1.0019592        1.0027066      -0.36203430E-04
  12711.100        1.0025952        1.0028493      -0.25315071E-04
  12717.700        1.0032885        1.0029936      -0.32182382E-04
  12724.300        1.0038325        1.0031395      -0.46316295E-04
  12730.900        1.0043378        1.0032868      -0.48051292E-04
  12737.600        1.0048652        1.0034378      -0.36347511E-03
  12744.300        1.0011502        1.0035903      -0.21824221E-03
  12750.900        1.0036316        1.0037417       0.21185354E-03
  12757.700        1.0056691        1.0038991       0.68242911E-04
  12764.400        1.0062440        1.0040554      -0.39407244E-04
