    Energy    <xanes>    
  -10.0000  3.1794301E-05
  -9.00000  3.5210948E-05
  -8.00000  3.9493297E-05
  -7.00000  4.5035485E-05
  -6.00000  5.2521948E-05
  -5.00000  6.3261424E-05
  -4.00000  8.0131384E-05
  -3.00000  1.1105689E-04
  -2.00000  1.8970814E-04
  -1.00000  4.9274490E-04
   0.00000  1.0265121E-03
   0.50000  1.3566490E-03
   1.00000  1.5937879E-03
   1.50000  1.5526186E-03
   2.00000  1.3725561E-03
   2.50000  1.2549600E-03
   3.00000  1.2484978E-03
   3.50000  1.3338187E-03
   4.00000  1.4591157E-03
   4.50000  1.5542760E-03
   5.00000  1.5753067E-03
   5.50000  1.5437051E-03
   6.00000  1.5000980E-03
   6.50000  1.4762982E-03
   7.00000  1.4779025E-03
   7.50000  1.5001769E-03
   8.00000  1.5475772E-03
   8.50000  1.6254979E-03
   9.00000  1.7390126E-03
   9.50000  1.8868384E-03
   10.0000  2.0519189E-03
   11.0000  2.3344840E-03
   12.0000  2.4745389E-03
   13.0000  2.5280769E-03
   14.0000  2.5329854E-03
   15.0000  2.4995401E-03
   16.0000  2.4546385E-03
   17.0000  2.3902256E-03
   18.0000  2.2850770E-03
   19.0000  2.1582547E-03
   20.0000  2.0462527E-03
   21.0000  1.9684095E-03
   22.0000  1.9243930E-03
   23.0000  1.9049641E-03
   24.0000  1.9001773E-03
   25.0000  1.9032613E-03
   26.0000  1.9114511E-03
   27.0000  1.9247390E-03
   28.0000  1.9439573E-03
   29.0000  1.9695241E-03
   30.0000  2.0011474E-03
   31.0000  2.0379842E-03
   32.0000  2.0788319E-03
   33.0000  2.1223306E-03
   34.0000  2.1672368E-03
   35.0000  2.2125982E-03
   36.0000  2.2575387E-03
   37.0000  2.3006366E-03
   38.0000  2.3393371E-03
   39.0000  2.3699852E-03
   40.0000  2.3886759E-03
   41.0000  2.3925395E-03
   42.0000  2.3807715E-03
   43.0000  2.3548887E-03
   44.0000  2.3181914E-03
   45.0000  2.2748467E-03
   46.0000  2.2290622E-03
   47.0000  2.1845625E-03
   48.0000  2.1443194E-03
   49.0000  2.1104175E-03
   50.0000  2.0840015E-03
   52.0000  2.0538470E-03
   54.0000  2.0479929E-03
   56.0000  2.0555526E-03
   58.0000  2.0669045E-03
   60.0000  2.0768086E-03
   62.0000  2.0842513E-03
   64.0000  2.0908048E-03
   66.0000  2.0991899E-03
   68.0000  2.1121931E-03
   70.0000  2.1317157E-03
   72.0000  2.1582835E-03
   74.0000  2.1910653E-03
   76.0000  2.2280389E-03
   78.0000  2.2661976E-03
   80.0000  2.3019192E-03
   82.0000  2.3314833E-03
   84.0000  2.3516172E-03
   86.0000  2.3600355E-03
   88.0000  2.3559438E-03
   90.0000  2.3403728E-03
   92.0000  2.3161647E-03
   94.0000  2.2874763E-03
   96.0000  2.2587703E-03
   98.0000  2.2335601E-03
   100.000  2.2135363E-03
